The following four weather parameter data is required.

Shortwave Radiation (W/m2) (Watt per meter sq.)
Wind speed (m/s) (meter per sec)
Temperature(deg C)
Relative humidity (%)

For the below lat/long , with their respective station id

Stn   Lat      Long
-----------------------

01	23.1337	69.3912
02	23.1362	69.39
03	23.139	69.3849
04	23.1411	69.3824
05	23.1505	69.3913
06	23.1533	69.3902
07	23.1424	69.7001
08	23.1559	69.7157
09	23.1533	69.7171
10	23.1534	69.7278
11	23.15	69.7256
12	23.1479	69.7288
13	23.1603	69.7393
14	23.1656	69.7532
15	23.1623	69.7499
16	23.1581	69.7728
17	23.1617	69.7729
18	23.126	69.7864
19	23.1366	69.7953
20	23.1312	69.793
21	23.1305	69.7976
22	23.1277	69.7997
23	23.1369	69.8014
24	23.134	69.8032
25	23.1341	69.8107
26	23.1314	69.8118
27	23.1287	69.8124
28	23.1267	69.8155
29	23.1564	69.8556
30	23.1647	69.8891
31	23.1648	69.8993
32	23.1673	69.3728
33	23.1686	69.3819
34	23.1793	69.3684
35	23.1269	69.4081
36	23.1359	69.4071
37	23.1387	69.4055
38	23.1427	69.4153
39	23.1452	69.4123
40	23.1722	69.3705
41	23.1901	69.3858
42	23.0439	69.7065
43	23.0406	69.7049
44	23.0521	69.7078
45	23.0283	69.7165
46	23.0294	69.7285
47	23.0328	69.7071
48	23.1628	69.8924
49	23.1549	69.8587
50	23.1531	69.8649
51	23.1417	69.8639
52	23.1573	69.7399
53	23.1578	69.7497
54	23.175	69.3671
55	23.1637	69.3724
56	23.1629	69.7375
57	23.1423	69.7132
58	23.1709	69.8711
59	23.1297	69.8835
60	23.1341	69.409
61	23.1464	69.4244
62	23.1473	69.3787
63	23.1439	69.3808
64	23.1525	69.3814
65	23.1451	69.3949
66	23.1481	69.3936
67	23.1351	69.7753
68	23.1104	69.8061
69	23.1697	69.8977
70	23.103	69.6982
71	23.0966	69.6962
72	23.1025	69.7088
73	23.0985	69.6803
74	23.0964	69.6783
75	23.0937	69.6762
76	23.0928	69.6832
77	23.1849	69.3928
78	23.1725	69.4022
79	23.1468	69.4085
80	23.1517	69.4196
81	23.1321	69.4106
82	23.1858	69.367
83	23.1818	69.3657
84	23.1577	69.3913
85	23.1628	69.3926
86	23.1699	69.3911
87	23.1944	69.3856
88	23.1216	69.8931
89	23.1275	69.4034
90	23.181	69.3955
91	23.1305	69.7862
92	23.1451	69.811
93	23.1405	69.8094
94	23.0462	69.7195
95	23.0266	69.7324
96	23.0239	69.735
97	23.1264	69.8055
98	23.1667	69.84
99	23.1688	69.8484
100	23.1634	69.8394
101	23.1091	69.7061
102	23.1052	69.7066
103	23.2117	69.4723
104	23.2196	69.4765
105	23.1259	69.4134
106	23.1723	69.9134
107	23.1602	69.3815
108	23.1558	69.3831
109	23.1672	69.3948
110	23.2119	69.4649
111	23.2162	69.4765
112	23.1491	69.8132
113	23.1447	69.8035
114	23.1001	69.697
115	23.1069	69.8662
116	23.1044	69.8585
117	23.2249	69.4793
118	23.2193	69.482
119	23.1348	69.4188
120	23.1512	69.4427
121	23.1595	69.4427
122	23.1563	69.4433
123	23.1485	69.443
124	23.1635	69.4502
125	23.165	69.4596
126	22.9714	69.9048
127	22.9684	69.9123
128	22.9672	69.9051
129	22.963	69.9054
130	22.9634	69.9148
131	22.9619	69.9211
132	22.9495	69.9163
133	22.9411	69.8989
134	22.9497	69.8988
135	22.9579	69.8919
136	22.9579	69.8842
137	22.9574	69.8764
138	22.9506	69.8882
139	22.9475	69.8832
140	22.9639	69.9294
141	22.9877	69.995
142	22.9848	70.0024
143	22.9878	69.9284
144	23.0061	69.9802
145	23.0317	69.9481
146	23.0367	69.9589
147	22.9627	69.9451
148	22.9567	69.9503
149	22.9499	69.9798
150	22.943	69.8882
151	22.967	69.8685
152	22.9364	69.8623
153	22.9915	69.9383
154	22.9366	69.8902
155	22.9252	69.8897
156	22.932	69.8871
157	22.979	69.9285
158	22.9448	69.8648
159	22.9702	69.8636
160	23.0012	69.9312
161	23.004	69.9553
162	23.0034	69.9424
163	22.9977	69.9533
164	22.9578	69.9332
165	22.9514	69.9108
166	22.9692	69.9315
167	22.9988	69.9413
168	23.0058	69.8924
169	22.9286	69.855
170	22.9138	69.9523
171	22.922	69.9125
172	22.9926	69.8872
173	23.0062	69.93
174	22.9264	69.9448
175	22.9348	69.8459
176	23.0062	69.9711
177	23.0038	69.9186
178	22.9427	69.8489
179	22.9561	69.8684
180	22.9918	69.9496
181	22.9894	69.8942
182	22.9558	69.8416
183	23.0097	69.9273
184	23.0149	69.9157
185	22.9536	69.9968
186	22.9471	69.9208
187	23.0127	69.9218
188	23.008	69.9513
189	23.1331	69.3581
190	23.1439	69.3638
191	23.1377	69.3612
192	23.1376	69.3724
193	23.1302	69.3748
194	23.1257	69.3669
195	23.1475	69.3742
196	23.1605	69.3683
197	23.1733	69.3624
198	23.1778	69.3611
199	23.1762	69.3997
200	23.184	69.4058
201	23.1911	69.3991
202	23.1909	69.4545
203	23.1823	69.4627
204	23.1765	69.468
205	23.1473	69.3658
206	23.08	69.3933
207	23.0955	69.3848
208	23.0737	69.3904
209	23.0736	69.3801
210	23.0698	69.3824
211	23.1199	69.4294
212	23.1382	69.3967
213	23.1787	69.3942
214	23.0616	69.3089
215	23.0638	69.299
216	23.1103	69.2278
217	23.1143	69.2255
218	23.0748	69.3066
219	23.0733	69.3124
220	23.2683	69.2515
221	23.2492	69.2531
222	23.2461	69.2558
223	23.2345	69.2846
224	23.155	69.3061
225	23.1556	69.2977
226	23.162	69.2993
227	23.1437	69.2303
228	23.1716	69.2575
229	23.2312	69.2503
230	23.239	69.2444
231	23.1384	69.2118
232	23.1474	69.2746
233	23.1591	69.3104
234	23.1674	69.2509
235	23.2521	69.4471
236	23.2394	69.447
237	23.232	69.4658
238	23.2366	69.4632
239	23.2432	69.4598
240	23.2484	69.461
241	23.2509	69.455
242	23.0698	69.2965
243	23.103	69.3228
244	23.122	69.4204
245	23.1389	69.4306
246	23.1438	69.4305
247	23.0871	69.3504
248	23.0725	69.3858
249	23.0742	69.3744
250	23.069	69.387
251	23.0565	69.3666
252	23.0759	69.3929
253	23.1147	69.4098
254	23.1109	69.4221
255	23.1271	69.4441
256	23.0749	69.36
257	23.1235	69.3401
258	23.077	69.341
259	23.0791	69.3633
260	23.0692	69.3549
261	23.0829	69.3361
262	23.0892	69.3247
263	23.1152	69.3488
264	23.0989	69.3217
265	23.0714	69.3222
266	23.0659	69.2958
267	23.0834	69.3232
268	23.0786	69.3259
269	23.0684	69.3124
270	23.1009	69.302
271	23.0893	69.2763
272	23.0862	69.2637
273	23.1388	69.3071
274	23.1419	69.3041
275	23.0997	69.313
276	23.0947	69.2698
277	23.03	69.3729
278	22.9783	69.2685
279	23.0349	69.332
280	22.985	69.2492
281	23.0312	69.2041
282	22.992	69.254
283	22.9811	69.249
284	22.9706	69.2517
285	22.9711	69.2631
286	23.0095	69.2508
287	22.9754	69.2467
288	22.9822	69.2587
289	23.0218	69.1821
290	23.0219	69.3255
291	23.0002	69.302
292	23.0406	69.3685
293	23.0421	69.3128
294	23.0361	69.3127
295	23.1515	69.3541
296	23.3473	69.378
297	23.3415	69.3756
298	23.1545	69.3657
299	23.3357	69.3703
300	23.3508	69.3852
301	23.5504	69.0965
302	23.5453	69.1008
303	23.5551	69.0972
304	23.5655	69.0778
305	23.5497	69.0894
306	23.5571	69.0879
307	23.5601	69.095
308	23.5332	69.0711
309	23.5713	69.0566
310	23.5275	69.0637
311	23.588	69.091
312	23.5249	69.0277
313	23.5843	69.0079
314	23.5914	69.0124
315	23.5674	69.0385
316	23.5683	69.0256
317	23.5787	69.025
318	23.5835	69.0229
319	23.5272	69.0387
320	23.5275	69.0468
321	23.5631	69.0463
322	23.5929	69.0904
323	23.5843	69.0919
324	23.5365	68.9981
325	23.5331	68.999
326	28.481	33 81.592927
327	24.5	81.58
328	24.4776	38 81.553333
